cycle
1

node
16

reg
4 4 4 4 4 4 4 4 4 4 4 4 4 4 4 4

spx
0 1 0 0 1 0 0 0 0 0 0 0 0 0 0 0
1 0 1 0 0 1 0 0 0 0 0 0 0 0 0 0
0 1 0 1 0 0 1 0 0 0 0 0 0 0 0 0
0 0 1 0 0 0 0 1 0 0 0 0 0 0 0 0
1 0 0 0 0 1 0 0 1 0 0 0 0 0 0 0
0 1 0 0 1 0 1 0 0 1 0 0 0 0 0 0
0 0 1 0 0 1 0 1 0 0 1 0 0 0 0 0
0 0 0 1 0 0 1 0 0 0 0 1 0 0 0 0
0 0 0 0 1 0 0 0 0 1 0 0 1 0 0 0
0 0 0 0 0 1 0 0 1 0 1 0 0 1 0 0
0 0 0 0 0 0 1 0 0 1 0 1 0 0 1 0
0 0 0 0 0 0 0 1 0 0 1 0 0 0 0 1
0 0 0 0 0 0 0 0 1 0 0 0 0 1 0 0
0 0 0 0 0 0 0 0 0 1 0 0 1 0 1 0
0 0 0 0 0 0 0 0 0 0 1 0 0 1 0 1
0 0 0 0 0 0 0 0 0 0 0 1 0 0 1 0

hdx
0 0 0 0 0 0 0 0 0 0 0 0 0 0 0 0
0 0 0 0 0 0 0 0 0 0 0 0 0 0 0 0
0 0 0 0 0 0 0 0 0 0 0 0 0 0 0 0
0 0 0 0 0 0 0 0 0 0 0 0 0 0 0 0
0 0 0 0 0 0 0 0 0 0 0 0 0 0 0 0
0 0 0 0 0 0 0 0 0 0 0 0 0 0 0 0
0 0 0 0 0 0 0 0 0 0 0 0 0 0 0 0
0 0 0 0 0 0 0 0 0 0 0 0 0 0 0 0
0 0 0 0 0 0 0 0 0 0 0 0 0 0 0 0
0 0 0 0 0 0 0 0 0 0 0 0 0 0 0 0
0 0 0 0 0 0 0 0 0 0 0 0 0 0 0 0
0 0 0 0 0 0 0 0 0 0 0 0 0 0 0 0
0 0 0 0 0 0 0 0 0 0 0 0 0 0 0 0
0 0 0 0 0 0 0 0 0 0 0 0 0 0 0 0
0 0 0 0 0 0 0 0 0 0 0 0 0 0 0 0
0 0 0 0 0 0 0 0 0 0 0 0 0 0 0 0

initial
m[0][0]
m[0][1]
m[0][2]
m[0][3]
m[1][0]
m[1][1]
m[1][2]
m[1][3]
m[2][0]
m[2][1]
m[2][2]
m[2][3]
m[3][0]
m[3][1]
m[3][2]
m[3][3]

final
m[0][0] m[0][1] m[1][0] m[1][1]
m[0][1] m[0][2] m[1][1] m[1][2]
m[0][2] m[0][3] m[1][2] m[1][3]
m[0][3] m[1][3]
m[1][0] m[1][1] m[2][0] m[2][1]
m[1][1] m[1][2] m[2][1] m[2][2]
m[1][2] m[1][3] m[2][2] m[2][3]
m[1][3] m[2][3]
m[2][0] m[2][1] m[3][0] m[3][1]
m[2][1] m[2][2] m[3][1] m[3][2]
m[2][2] m[2][3] m[3][2] m[3][3]
m[2][3] m[3][3]
m[3][0] m[3][1]
m[3][1] m[3][2]
m[3][2] m[3][3]
m[3][3]

#onehot_spx_in
