step
3

node
16

reg
1 1 1 1 1 1 1 1 1 1 1 1 1 1 1 1

spx
0 1 0 0 1 0 0 0 0 0 0 0 0 0 0 0
1 0 1 0 0 1 0 0 0 0 0 0 0 0 0 0
0 1 0 1 0 0 1 0 0 0 0 0 0 0 0 0
0 0 1 0 0 0 0 1 0 0 0 0 0 0 0 0
1 0 0 0 0 1 0 0 1 0 0 0 0 0 0 0
0 1 0 0 1 0 1 0 0 1 0 0 0 0 0 0
0 0 1 0 0 1 0 1 0 0 1 0 0 0 0 0
0 0 0 1 0 0 1 0 0 0 0 1 0 0 0 0
0 0 0 0 1 0 0 0 0 1 0 0 1 0 0 0
0 0 0 0 0 1 0 0 1 0 1 0 0 1 0 0
0 0 0 0 0 0 1 0 0 1 0 1 0 0 1 0
0 0 0 0 0 0 0 1 0 0 1 0 0 0 0 1
0 0 0 0 0 0 0 0 1 0 0 0 0 1 0 0
0 0 0 0 0 0 0 0 0 1 0 0 1 0 1 0
0 0 0 0 0 0 0 0 0 0 1 0 0 1 0 1
0 0 0 0 0 0 0 0 0 0 0 1 0 0 1 0

hdx
0 0 0 0 0 0 0 0 0 0 0 0 0 0 0 0
0 0 0 0 0 0 0 0 0 0 0 0 0 0 0 0
0 0 0 0 0 0 0 0 0 0 0 0 0 0 0 0
0 0 0 0 0 0 0 0 0 0 0 0 0 0 0 0
0 0 0 0 0 0 0 0 0 0 0 0 0 0 0 0
0 0 0 0 0 0 0 0 0 0 0 0 0 0 0 0
0 0 0 0 0 0 0 0 0 0 0 0 0 0 0 0
0 0 0 0 0 0 0 0 0 0 0 0 0 0 0 0
0 0 0 0 0 0 0 0 0 0 0 0 0 0 0 0
0 0 0 0 0 0 0 0 0 0 0 0 0 0 0 0
0 0 0 0 0 0 0 0 0 0 0 0 0 0 0 0
0 0 0 0 0 0 0 0 0 0 0 0 0 0 0 0
0 0 0 0 0 0 0 0 0 0 0 0 0 0 0 0
0 0 0 0 0 0 0 0 0 0 0 0 0 0 0 0
0 0 0 0 0 0 0 0 0 0 0 0 0 0 0 0
0 0 0 0 0 0 0 0 0 0 0 0 0 0 0 0

initial
a01
a02
a03
a04
a05
a06
a07
a08
a09
a10
a11
a12
a13
a14
a15
a16

final
a01 a02 a05 a06
a02 a03 a06 a07
a03 a04 a07 a08
a04 a08
a05 a06 a09 a10
a06 a07 a10 a11
a07 a08 a11 a12
a08 a12
a09 a10 a13 a14
a10 a11 a14 a15
a11 a12 a15 a16
a12 a16
a13 a14
a14 a15
a15 a16
a16

#onehot_spx_in
implicit_reg
